8
bacterial1 0.0000000 0.2440857 0.1333937 0.2022245 0.1535006 0.2797698 0.2314605 0.3804349 
bacterial2 0.2440857 0.0000000 0.1981244 0.3225986 0.2416587 0.1455292 0.2680976 0.2199708
bacterial3 0.1333937 0.1981244 0.0000000 0.2319793 0.1559255 0.2475716 0.2343881 0.3256150
bacterial4 0.2022245 0.3225986 0.2319793 0.0000000 0.2230188 0.3780934 0.2650636 0.4445399
mamalian1 0.1535006 0.2416587 0.1559255 0.2230188 0.0000000 0.2771983 0.2158819 0.3698648
mamalian2 0.2797698 0.1455292 0.2475716 0.3780934 0.2771983 0.0000000 0.2823126 0.1746668
mamalian3 0.2314605 0.2680976 0.2343881 0.2650636 0.2158819 0.2823126 0.0000000 0.3464100
mamalian4 0.3804349 0.2199708 0.3256150 0.4445399 0.3698648 0.1746668 0.3464100 0.0000000
8
bacterial1 0.0000000 0.5637819 0.4672461 0.5210289 0.5082506 0.5926989 0.6060408 0.6800986
bacterial2 0.5637819 0.0000000 0.5218947 0.6023827 0.5545670 0.4925065 0.6207678 0.5623780
bacterial3 0.4672461 0.5218947 0.0000000 0.5084752 0.4542483 0.5336070 0.5980108 0.6215342
bacterial4 0.5210289 0.6023827 0.5084752 0.0000000 0.5017573 0.6417640 0.5852128 0.7053364
mamalian1 0.5082506 0.5545670 0.4542483 0.5017573 0.0000000 0.5558031 0.5808843 0.6578100
mamalian2 0.5926989 0.4925065 0.5336070 0.6417640 0.5558031 0.0000000 0.6392920 0.4934961
mamalian3 0.6060408 0.6207678 0.5980108 0.5852128 0.5808843 0.6392920 0.0000000 0.6876600
mamalian4 0.6800986 0.5623780 0.6215342 0.7053364 0.6578100 0.4934961 0.6876600 0.0000000